T_temps=[11 27 57 102 159 228 311 405 512 633 767 921 1075 1253 1426 1627 1836 2061 2297 ];
