T_temps=[13 14 29 53 80 115 165 202 254 315 477 450 529 613 706 800 914 1018 1145 ];
