T_temps=[0 0 0 0 0 0 1 3 3 4 11 22 85 340 1357 ];
