T_tempsCroissant=[7 1 5 1 2 2 2 2 2 2 3 3 4 4 4 ];
