T_temps=[781 1381 2033 2869 3569 4172 4751 5782 6295 6943 7777 8630 9682 ];
