T_temps=[0 1 0 0 1 1 1 2 7 14 19 38 66 99 278 ];
