T_temps=[0 0 0 1 0 1 1 2 5 10 19 29 56 102 206 ];
